No augmentation
trainLoss =  [0.022708436304872685, 0.0130206538326662, 0.008817559108138084, 0.007483194791476684, 0.005770519514558743, 0.004464904718910053, 0.003940347457455114, 0.0033073008002835616, 0.0028988962506198072, 0.002318751949445354]
trainAcc =  [48.1792, 72.0551, 81.6656, 84.1989, 87.6504, 90.7061, 91.7036, 93.1127, 94.0785, 95.1393]
valLoss =  [0.030897086145305574, 0.025476225272547677, 0.025833027584783785, 0.019163496966902557, 0.017542080346204723, 0.020712173083222613, 0.021116526274835106, 0.04571484560601088, 0.025138260443955, 0.032604758840637016]
valAcc =  [41.4186, 49.4617, 58.5181, 68.2711, 70.8043, 68.1444, 67.9544, 45.4718, 65.8011, 62.5079]

Augmentation
trainLoss =  [0.019128518640004758, 0.00902908639746565, 0.00622127320546704, 0.004737899049857184, 0.0038831886744032365, 0.003327033018599017, 0.003131697372138453, 0.0025327996241040762, 0.002406562044126088, 0.0022054501800338115]
trainAcc =  [56.1233, 80.9017, 86.7321, 89.9383, 91.8421, 92.9900, 93.2711, 94.7870, 94.9137, 95.3768]
valLoss =  [0.015577665871649772, 0.01819845869844665, 0.01457685900308272, 0.01508645249968318, 0.0761607019413567, 0.012627884490796477, 0.011934329534422528, 0.01746279646732748, 0.014384540464396413, 0.017476596131666012]
valAcc =  [71.1843, 70.0443, 76.5041, 79.4807, 41.6719, 81.1906, 82.5839, 75.8708, 78.4041, 78.7207]